Sample_ID	Sample_NMR_ID	Origin	Family#	Family	Plant_genotype	Plant_line	Treatment	Dry Mass	Name	Plant_sample	Category	a-Glucose 	b-Glucose	Alanine	Glutamate	Glutamine	Valine	Formic acid 	GABA	Choline	Adenine	Arginine	Lysine	Acetic acid	Fumaric acid	Ethanol & Ethyl - b - glucoside	Catalpol	Aucubin	Verbascoside	a-Glucose 	b-Glucose	Alanine	Glutamate	Glutamine	Valine	Formic acid 	GABA	Choline	Adenine	Arginine	Lysine	Acetic acid	Fumaric acid	Ethanol & Ethyl - b - glucoside	Catalpol	Aucubin	Verbascoside
7	144	E	F1	EF1	L4	L	A	0,4	EF1L4A	NA	Larvae	0,001932007	0,002923893	0,008764062	0,016127905	0,001325581	0,001641173	0,000125361	0,004011779	0,019172021	1,08085E-05	0,000448115	0,000296994	0,002043348	7,03074E-05	0,001885314	-0,000322845	-5,93301E-05	7,11599E-05	0,002634367	0,003785722	0,000483821	0,001174254	8,24519E-05	4,6878E-06	1,59931E-05	0	0,001030618	1,87258E-06	0,000128408	0,00049988	0,000202875	0,001257259	0,000188853	0,002473921	0,000507819	0,003139919
8	145	E	F1	EF1	L6	L	A	0,2	EF1L6A	NA	Larvae	0,002188043	0,003262395	0,010826132	0,024964175	0,002403113	0,002176407	0,000186424	0,004861131	0,03367116	4,74018E-05	0,001299755	0,002094977	0,002847104	2,66121E-05	0,003281395	-0,000461403	-0,000101185	-0,000139431	0,002619375	0,004033408	0,000668699	0,001209476	6,32708E-05	6,86812E-05	3,09514E-05	0	0,000720719	7,92971E-07	5,57798E-05	0,000202136	0,000199633	0,002804899	0,000117236	0,001309102	0,000266959	0,000871333
9	146	E	F1	EF1	L7	L	A	0,5	EF1L7A	NA	Larvae	0,000859601	0,001296117	0,001817611	0,00670718	0,001012599	5,07426E-05	0,000100792	0,001656406	0,010829875	1,95584E-05	0,000400065	0,000465996	0,00073998	2,52007E-05	0,001927476	-3,08553E-05	-1,74518E-05	-3,72977E-05	0,004914928	0,007809747	0,000368138	0,000763794	1,20469E-06	8,29836E-05	5,26963E-05	0	0,000710416	-5,6629E-07	2,62396E-05	6,22608E-05	0,000515409	0,001008841	9,25412E-06	0,001420067	0,000278019	0,001668105
10	147	S	F5	SF5	H3	H	A	0,8	SF5H3A	NA	Larvae	0,002689679	0,004160613	0,004839446	0,005468762	0,000752496	0,001533126	8,84667E-05	0,002653713	0,00869881	-1,48293E-05	0,000350081	0,000663987	0,001410061	2,24342E-05	0,001750496	1,62599E-05	2,69513E-05	-4,46625E-05	0,004654257	0,007290774	0,000539326	0,001230383	4,10546E-05	3,17097E-05	3,74702E-05	0	0,000671497	2,27066E-06	8,65909E-05	0,000308319	0,000188911	0,001206107	-4,13669E-05	0,00307327	0,002111048	0,000851095
11	148	E	F1	EF1	H2	H	A	0,6	EF1H2A	NA	Larvae	0,00171862	0,002683212	0,002621727	0,005550045	0,000979089	0,000322809	9,73302E-05	0,00160082	0,008756176	2,0271E-05	0,00033904	0,000334487	0,000739258	1,02488E-06	0,001859424	-0,000147157	3,01771E-05	-9,46558E-06	0,004654257	0,007290774	0,000539326	0,001230383	4,10546E-05	3,17097E-05	3,74702E-05	0	0,000671497	2,27066E-06	8,65909E-05	0,000308319	0,000188911	0,001206107	-4,13669E-05	0,00307327	0,002111048	0,000851095
12	149	S	F5	SF5	L7	L	A	1	SF5L7A	NA	Larvae	0,000880217	0,0013437	0,002284969	0,004037414	0,000618425	0,000708479	4,79737E-05	0,001511875	0,005701395	1,21996E-05	0,000295232	0,000347367	0,000668594	-1,42707E-05	0,000879	-0,000116448	1,31911E-06	-1,00767E-05	0,004914928	0,007809747	0,000368138	0,000763794	1,20469E-06	8,29836E-05	5,26963E-05	0	0,000710416	-5,6629E-07	2,62396E-05	6,22608E-05	0,000515409	0,001008841	9,25412E-06	0,001420067	0,000278019	0,001668105
13	150	E	F3	EF3	H2	H	NoA	0,9	EF3H2NA	NA	Larvae	0,002836795	0,004258248	0,00462808	0,005653426	0,000616006	0,001985234	0,000102235	0,003493703	0,008454202	1,09857E-05	0,000396854	0,000931909	0,001496563	5,71169E-05	0,00090049	-5,15682E-05	-9,7513E-06	-3,38236E-05	0,004654257	0,007290774	0,000539326	0,001230383	4,10546E-05	3,17097E-05	3,74702E-05	0	0,000671497	2,27066E-06	8,65909E-05	0,000308319	0,000188911	0,001206107	-4,13669E-05	0,00307327	0,002111048	0,000851095
14	151	E	F4	EF4	L6	L	A	0,7	EF4L6A	NA	Larvae	0,001873435	0,002887161	0,009487801	0,008129486	0,000845865	0,001501103	7,66526E-05	0,006901944	0,011639843	-7,7115E-06	0,00035752	0,000720476	0,002677398	6,62005E-05	0,002078797	0,000160186	-1,36528E-05	-1,65944E-05	0,002619375	0,004033408	0,000668699	0,001209476	6,32708E-05	6,86812E-05	3,09514E-05	0	0,000720719	7,92971E-07	5,57798E-05	0,000202136	0,000199633	0,002804899	0,000117236	0,001309102	0,000266959	0,000871333
15	152	S	F4	SF4	H3	H	A	0,4	SF4H3NA	NA	Larvae	0,00219022	0,003430887	0,004172657	0,007826726	0,001579815	0,000695817	0,000125793	0,002362342	0,012191863	2,61713E-05	0,000322852	0,000282936	0,001273921	2,94216E-05	0,001986246	-0,000281732	3,79682E-05	-5,41488E-05	0,004654257	0,007290774	0,000539326	0,001230383	4,10546E-05	3,17097E-05	3,74702E-05	0	0,000671497	2,27066E-06	8,65909E-05	0,000308319	0,000188911	0,001206107	-4,13669E-05	0,00307327	0,002111048	0,000851095
16	153	E	F4	EF4	L4	L	NoA	0,9	EF4L4NA	NA	Larvae	0,001041173	0,001696741	0,006195196	0,008311855	0,000650528	0,001469418	3,75531E-05	0,003450578	0,010122697	1,45758E-05	0,000339692	0,000492315	0,001485467	4,07433E-05	0,001567387	-0,000271259	1,46105E-05	-4,1844E-05	0,002634367	0,003785722	0,000483821	0,001174254	8,24519E-05	4,6878E-06	1,59931E-05	0	0,001030618	1,87258E-06	0,000128408	0,00049988	0,000202875	0,001257259	0,000188853	0,002473921	0,000507819	0,003139919
17	154	S	F4	SF4	H9	H	NoA	0,3	SF4H9NA	NA	Larvae	0,003599252	0,005522541	0,003301785	0,00928828	0,002055015	0,001407552	0,000250795	0,002265274	0,017875636	-7,20514E-06	0,000766496	0,000891755	0,001509369	4,38704E-05	0,003411999	3,35768E-05	8,69052E-05	-0,000151658	0,003225339	0,004988167	0,000524744	0,000665267	5,83275E-05	-3,10034E-05	2,66215E-05	0	0,000696593	-5,56095E-07	6,49048E-05	0,000266231	8,76571E-05	0,002323865	3,30816E-05	0,00260351	0,001725696	0,000909395
18	155	S	F5	SF5	L4	L	A	0,2	SF5L4A	NA	Larvae	0,002920673	0,004289144	0,012494899	0,016449119	0,003168742	0,003689743	0,000269132	0,006207533	0,024224844	-4,50012E-06	0,001347314	0,002496788	0,00329758	8,22198E-05	0,00626696	-0,000247616	6,0739E-06	-7,08243E-05	0,002634367	0,003785722	0,000483821	0,001174254	8,24519E-05	4,6878E-06	1,59931E-05	0	0,001030618	1,87258E-06	0,000128408	0,00049988	0,000202875	0,001257259	0,000188853	0,002473921	0,000507819	0,003139919
19	156	E	F3	EF3	H9	H	NoA	0,8	EF3H9NA	NA	Larvae	0,00241942	0,00376226	0,00332263	0,001513464	0,000736773	0,001082799	0,000117915	0,002156322	0,005423144	2,1306E-06	0,000291316	0,00057512	0,001205486	1,17142E-05	0,001434329	-0,000107232	8,80864E-06	-6,02635E-05	0,003225339	0,004988167	0,000524744	0,000665267	5,83275E-05	-3,10034E-05	2,66215E-05	0	0,000696593	-5,56095E-07	6,49048E-05	0,000266231	8,76571E-05	0,002323865	3,30816E-05	0,00260351	0,001725696	0,000909395
20	157	E	F3	EF3	H3	H	NoA	1,8	EF3H3NA	NA	Larvae	0,000603211	0,000886865	0,001090708	0,009865124	0,000325841	0,000251313	3,90546E-05	0,000481697	0,010372655	-4,6057E-06	7,3796E-05	3,08951E-05	0,000366815	1,38951E-05	0,000523135	2,92026E-05	-7,19936E-06	-4,79473E-06	0,004654257	0,007290774	0,000539326	0,001230383	4,10546E-05	3,17097E-05	3,74702E-05	0	0,000671497	2,27066E-06	8,65909E-05	0,000308319	0,000188911	0,001206107	-4,13669E-05	0,00307327	0,002111048	0,000851095
21	158	S	F5	SF5	L6	L	A	0,6	SF5L6A	NA	Larvae	0,000300137	0,000614173	0,004007562	0,007552475	0,001095694	0,001886977	3,47398E-05	0,002888879	0,011970789	-3,37395E-05	0,000453335	0,000917423	0,00167634	1,73379E-05	0,00159466	-0,000187263	-1,5806E-05	-2,51839E-05	0,002619375	0,004033408	0,000668699	0,001209476	6,32708E-05	6,86812E-05	3,09514E-05	0	0,000720719	7,92971E-07	5,57798E-05	0,000202136	0,000199633	0,002804899	0,000117236	0,001309102	0,000266959	0,000871333
22	159	E	F4	EF4	L7	L	A	0,7	EF4L7A	NA	Larvae	0,002544281	0,004206786	0,009549822	0,010458879	0,00100125	0,002372303	0,000106644	0,007000333	0,013759923	1,95636E-05	0,000847846	0,002759331	0,003033129	4,76707E-05	0,002083212	-0,000168415	4,65109E-05	-2,17435E-05	0,004914928	0,007809747	0,000368138	0,000763794	1,20469E-06	8,29836E-05	5,26963E-05	0	0,000710416	-5,6629E-07	2,62396E-05	6,22608E-05	0,000515409	0,001008841	9,25412E-06	0,001420067	0,000278019	0,001668105
24	161	S	F4	SF4	H2	H	NoA	0,9	SF4H2NA	NA	Larvae	0	0	0	0	0	0	0	0	0	0	0	0	0	0	0	0	0	0	0,004654257	0,007290774	0,000539326	0,001230383	4,10546E-05	3,17097E-05	3,74702E-05	0	0,000671497	2,27066E-06	8,65909E-05	0,000308319	0,000188911	0,001206107	-4,13669E-05	0,00307327	0,002111048	0,000851095
25	162	S	F5	SF5	H2	H	A	0,6	SF5H2A	NA	Larvae	0,002100441	0,003608877	0,005495653	0,03036797	0,00051147	0,001828708	0,000297836	0,002930938	0,016277778	-1,78432E-06	0,000161422	6,28242E-05	0,002329968	6,93393E-05	0,000792411	0,000163635	0,000245778	-4,30829E-06	0,004654257	0,007290774	0,000539326	0,001230383	4,10546E-05	3,17097E-05	3,74702E-05	0	0,000671497	2,27066E-06	8,65909E-05	0,000308319	0,000188911	0,001206107	-4,13669E-05	0,00307327	0,002111048	0,000851095
26	163	S	F4	SF4	L7	L	NoA	0,7	SF4L7NA	NA	Larvae	0,003129583	0,005099341	0,005768653	0,026623184	0,000969118	0,001172517	0,000430689	0,002853356	0,019444478	-2,44103E-05	0,000401249	0,000254017	0,002506099	0,000115898	0,000672129	8,54085E-05	5,64909E-05	-1,05034E-05	0,004914928	0,007809747	0,000368138	0,000763794	1,20469E-06	8,29836E-05	5,26963E-05	0	0,000710416	-5,6629E-07	2,62396E-05	6,22608E-05	0,000515409	0,001008841	9,25412E-06	0,001420067	0,000278019	0,001668105
27	164	S	F4	SF4	L6	L	NoA	0,6	SF4L6NA	NA	Larvae	0,00142931	0,002362398	0,003153755	0,032220637	0,000648938	0,000939889	0,000203274	0,001545375	0,016033586	-1,14973E-07	0,000136045	4,47428E-05	0,001902757	9,08358E-06	0,001104193	6,59258E-05	8,17302E-05	-2,57462E-05	0,002619375	0,004033408	0,000668699	0,001209476	6,32708E-05	6,86812E-05	3,09514E-05	0	0,000720719	7,92971E-07	5,57798E-05	0,000202136	0,000199633	0,002804899	0,000117236	0,001309102	0,000266959	0,000871333
28	165	S	F4	SF4	H9	H	A	0,8	SF4H9A	NA	Larvae	0,000393951	0,000716607	0,005427793	0,045576506	0,000841037	0,001304025	0,000101065	0,003192957	0,019202139	-1,31044E-05	0,000256276	0,000714929	0,002413971	7,77891E-05	0,001881828	-0,000152311	-1,17973E-05	-1,77707E-05	0,003225339	0,004988167	0,000524744	0,000665267	5,83275E-05	-3,10034E-05	2,66215E-05	0	0,000696593	-5,56095E-07	6,49048E-05	0,000266231	8,76571E-05	0,002323865	3,30816E-05	0,00260351	0,001725696	0,000909395
29	166	S	F4	SF4	H3	H	A	0,5	SF4H3A	NA	Larvae	0,001449978	0,00219261	0,001592985	0,02901063	0,000625097	0,000617179	0,000207867	0,000894379	0,013371707	6,15595E-06	0,000189707	4,62949E-05	0,001384597	3,81687E-05	0,001059069	-4,13451E-07	3,07177E-05	-2,36155E-05	0,004654257	0,007290774	0,000539326	0,001230383	4,10546E-05	3,17097E-05	3,74702E-05	0	0,000671497	2,27066E-06	8,65909E-05	0,000308319	0,000188911	0,001206107	-4,13669E-05	0,00307327	0,002111048	0,000851095
30	167	S	F4	SF4	H2	H	A	0,5	SF4H2A	NA	Larvae	0,001688406	0,002548861	0,003427937	0,033803404	0,001075515	0,001088445	0,000296838	0,002204072	0,022376701	-8,20011E-06	0,000195993	-5,78076E-05	0,002486773	4,59417E-05	0,001300733	-0,000163356	3,08418E-05	-1,56113E-05	0,004654257	0,007290774	0,000539326	0,001230383	4,10546E-05	3,17097E-05	3,74702E-05	0	0,000671497	2,27066E-06	8,65909E-05	0,000308319	0,000188911	0,001206107	-4,13669E-05	0,00307327	0,002111048	0,000851095
31	168	S	F4	SF4	L7	L	A	1	SF4L7A	NA	Larvae	0,002337002	0,003623634	0,005258206	0,041363895	0,000997828	0,002064141	0,000257493	0,003758412	0,019451677	6,23276E-06	0,000292433	0,000249266	0,002715225	4,20771E-05	0,001433427	-7,99733E-05	5,85204E-05	-3,62112E-05	0,004914928	0,007809747	0,000368138	0,000763794	1,20469E-06	8,29836E-05	5,26963E-05	0	0,000710416	-5,6629E-07	2,62396E-05	6,22608E-05	0,000515409	0,001008841	9,25412E-06	0,001420067	0,000278019	0,001668105
32	169	S	F4	SF4	L6	L	A	0,4	SF4L6A	NA	Larvae	0,000258652	0,000399753	0,001674259	0,027486993	0,000555434	0,000781517	9,2837E-05	0,001640469	0,017155782	6,14016E-06	0,000134383	0,000127395	0,001471421	1,15768E-05	0,001064392	-2,9246E-05	9,64823E-06	-3,83982E-05	0,002619375	0,004033408	0,000668699	0,001209476	6,32708E-05	6,86812E-05	3,09514E-05	0	0,000720719	7,92971E-07	5,57798E-05	0,000202136	0,000199633	0,002804899	0,000117236	0,001309102	0,000266959	0,000871333
33	170	S	F3	SF3	H9	H	NoA	0,3	SF3H9NA	NA	Larvae	0,000245791	0,000575521	0,003582243	0,024519172	0,001308629	0,001177866	0,000158248	0,001940843	0,027191373	1,51984E-05	0,000175202	2,34174E-05	0,002779681	1,17162E-05	0,001668073	-6,43791E-05	2,8185E-06	-1,53926E-05	0,003225339	0,004988167	0,000524744	0,000665267	5,83275E-05	-3,10034E-05	2,66215E-05	0	0,000696593	-5,56095E-07	6,49048E-05	0,000266231	8,76571E-05	0,002323865	3,30816E-05	0,00260351	0,001725696	0,000909395
34	171	S	F3	SF3	H3	H	NoA	0,6	SF3H3NA	NA	Larvae	0,002739734	0,004133397	0,007415145	0,027941774	0,001941175	0,001347307	0,000553554	0,003450125	0,024549484	-1,27796E-05	0,000488037	0,000429893	0,003016724	4,69579E-05	0,001752038	-0,000149231	1,93203E-05	-5,71111E-05	0,004654257	0,007290774	0,000539326	0,001230383	4,10546E-05	3,17097E-05	3,74702E-05	0	0,000671497	2,27066E-06	8,65909E-05	0,000308319	0,000188911	0,001206107	-4,13669E-05	0,00307327	0,002111048	0,000851095
35	172	S	F3	SF3	L7	L	NoA	0,4	SF3L7NA	NA	Larvae	0,002942556	0,004634187	0,006747983	0,049934473	0,000858654	0,002397143	0,000333421	0,003282617	0,023941849	-5,88912E-06	0,000145465	0,000281462	0,001791729	3,71992E-05	0,001714788	-0,000432601	1,11882E-05	-4,57667E-05	0,004914928	0,007809747	0,000368138	0,000763794	1,20469E-06	8,29836E-05	5,26963E-05	0	0,000710416	-5,6629E-07	2,62396E-05	6,22608E-05	0,000515409	0,001008841	9,25412E-06	0,001420067	0,000278019	0,001668105
36	173	S	F3	SF3	L6	L	NoA	0,5	SF3L6NA	NA	Larvae	0,00156051	0,00243389	0,00417717	0,048537191	0,00152245	0,001018269	0,000339273	0,001711414	0,027921537	6,22687E-05	0,000294314	0,000215724	0,001555868	5,06738E-06	0,001637947	-7,20036E-05	2,40584E-05	-0,000106903	0,002619375	0,004033408	0,000668699	0,001209476	6,32708E-05	6,86812E-05	3,09514E-05	0	0,000720719	7,92971E-07	5,57798E-05	0,000202136	0,000199633	0,002804899	0,000117236	0,001309102	0,000266959	0,000871333
37	174	S	F3	SF3	H9	H	A	0,6	SF3H9A	NA	Larvae	0,000350663	0,00076956	0,004338907	0,018940846	0,001282466	0,000371455	0,000215113	0,001490899	0,020163856	-3,27778E-06	0,000164929	0,000109887	0,00149494	-1,26245E-05	0,001566121	-2,13751E-05	1,74228E-05	-4,48225E-05	0,003225339	0,004988167	0,000524744	0,000665267	5,83275E-05	-3,10034E-05	2,66215E-05	0	0,000696593	-5,56095E-07	6,49048E-05	0,000266231	8,76571E-05	0,002323865	3,30816E-05	0,00260351	0,001725696	0,000909395
38	175	S	F3	SF3	L4	L	NoA	0,6	SF3L4NA	NA	Larvae	0,000940731	0,001481881	0,00555549	0,041770148	0,000906235	0,001207127	0,000254407	0,003363357	0,025827956	1,6745E-05	0,000167311	8,36116E-05	0,002008918	5,58437E-05	0,001503547	-0,000123363	7,14007E-06	-6,37949E-05	0,002634367	0,003785722	0,000483821	0,001174254	8,24519E-05	4,6878E-06	1,59931E-05	0	0,001030618	1,87258E-06	0,000128408	0,00049988	0,000202875	0,001257259	0,000188853	0,002473921	0,000507819	0,003139919
39	176	S	F4	SF4	L4	L	NoA	0,8	SF4L4NA	NA	Larvae	0,001080198	0,001721803	0,007242951	0,054726378	0,000908873	0,003850316	0,000260513	0,003843438	0,029232144	6,96052E-06	0,000417072	0,000867289	0,002345513	3,66849E-05	0,001842566	-1,15123E-06	-1,58957E-05	-2,50933E-05	0,002634367	0,003785722	0,000483821	0,001174254	8,24519E-05	4,6878E-06	1,59931E-05	0	0,001030618	1,87258E-06	0,000128408	0,00049988	0,000202875	0,001257259	0,000188853	0,002473921	0,000507819	0,003139919
40	177	S	F3	SF3	H3	H	A	0,5	SF3H3A	NA	Larvae	0,001217264	0,001784693	0,004268661	0,033601675	0,000789182	0,001456102	0,000208424	0,003385065	0,027487505	1,35427E-05	0,000316509	0,000466891	0,002586067	1,27487E-05	0,001165976	-0,000152142	2,8677E-07	-1,62186E-05	0,004654257	0,007290774	0,000539326	0,001230383	4,10546E-05	3,17097E-05	3,74702E-05	0	0,000671497	2,27066E-06	8,65909E-05	0,000308319	0,000188911	0,001206107	-4,13669E-05	0,00307327	0,002111048	0,000851095
41	178	S	F3	SF3	H2	H	A	0,9	SF3H2A	NA	Larvae	0,001810938	0,002812582	0,004525337	0,047476258	0,001218649	0,002531047	0,000231174	0,00309011	0,020577991	1,30718E-05	0,000296375	0,000432133	0,001413191	5,38336E-05	0,0013154	-0,001794358	-1,7419E-05	-4,89612E-05	0,004654257	0,007290774	0,000539326	0,001230383	4,10546E-05	3,17097E-05	3,74702E-05	0	0,000671497	2,27066E-06	8,65909E-05	0,000308319	0,000188911	0,001206107	-4,13669E-05	0,00307327	0,002111048	0,000851095
42	179	S	F2	SF2	H9	H	NoA	0,9	SF2H9NA	NA	Larvae	0,001533843	0,002428012	0,003082133	0,036295022	0,000665865	0,000554908	0,000196133	0,001209963	0,012578609	-3,25867E-06	0,000122891	4,25277E-05	0,000796462	2,92388E-05	0,001106142	-5,79612E-05	2,25922E-05	-3,06009E-05	0,003225339	0,004988167	0,000524744	0,000665267	5,83275E-05	-3,10034E-05	2,66215E-05	0	0,000696593	-5,56095E-07	6,49048E-05	0,000266231	8,76571E-05	0,002323865	3,30816E-05	0,00260351	0,001725696	0,000909395
43	180	S	F2	SF2	H3	H	A	0,8	SF2H3A	NA	Larvae	0,001703347	0,002858149	0,003821133	0,034909106	0,000650405	0,001097322	0,000232555	0,002155859	0,017500477	5,44599E-06	0,000167276	0,000163294	0,001203083	2,7099E-05	0,001068612	5,25192E-05	0,000179838	-2,10265E-05	0,004654257	0,007290774	0,000539326	0,001230383	4,10546E-05	3,17097E-05	3,74702E-05	0	0,000671497	2,27066E-06	8,65909E-05	0,000308319	0,000188911	0,001206107	-4,13669E-05	0,00307327	0,002111048	0,000851095
44	181	S	F2	SF2	L6	L	NoA	0,3	SF2L6NA	NA	Larvae	0,001047587	0,001646507	0,0024011	0,014248402	0,000852733	0,000784009	0,000202501	0,00156295	0,009527706	-3,80631E-07	0,000171942	9,36529E-05	0,001111573	1,85371E-05	0,000781258	-0,000423668	2,98694E-05	-3,64299E-05	0,002619375	0,004033408	0,000668699	0,001209476	6,32708E-05	6,86812E-05	3,09514E-05	0	0,000720719	7,92971E-07	5,57798E-05	0,000202136	0,000199633	0,002804899	0,000117236	0,001309102	0,000266959	0,000871333
45	182	S	F2	SF2	L6	L	A	0,5	SF2L6A	NA	Larvae	0,000798215	0,001598743	0,008150541	0,024612325	0,002342275	0,001044373	0,000293954	0,003263576	0,031295269	4,06251E-05	0,000242074	-4,35947E-05	0,002434622	2,17439E-05	0,002403008	-0,00019372	3,33959E-05	-8,79799E-05	0,002619375	0,004033408	0,000668699	0,001209476	6,32708E-05	6,86812E-05	3,09514E-05	0	0,000720719	7,92971E-07	5,57798E-05	0,000202136	0,000199633	0,002804899	0,000117236	0,001309102	0,000266959	0,000871333
46	183	S	F1	SF1	H3	H	NoA	0,7	SF1H3NA	NA	Larvae	0,000842223	0,001279952	0,005771934	0,038155714	0,001340593	0,001429113	0,000206259	0,003753702	0,029996888	4,05012E-05	0,000224352	0,000206278	0,002185207	4,50829E-05	0,001645517	-2,63366E-06	-5,80721E-07	1,03135E-05	0,004654257	0,007290774	0,000539326	0,001230383	4,10546E-05	3,17097E-05	3,74702E-05	0	0,000671497	2,27066E-06	8,65909E-05	0,000308319	0,000188911	0,001206107	-4,13669E-05	0,00307327	0,002111048	0,000851095
47	184	S	F1	SF1	H2	H	NoA	0,8	SF1H2NA	NA	Larvae	0,001485238	0,002342608	0,002945715	0,019590716	0,00097617	0,000919282	0,00024419	0,001646249	0,015090388	6,44669E-07	0,000164971	-2,96986E-05	0,001116596	3,14391E-05	0,001031252	-5,46969E-05	7,76844E-05	-4,27594E-05	0,004654257	0,007290774	0,000539326	0,001230383	4,10546E-05	3,17097E-05	3,74702E-05	0	0,000671497	2,27066E-06	8,65909E-05	0,000308319	0,000188911	0,001206107	-4,13669E-05	0,00307327	0,002111048	0,000851095
48	185	S	F2	SF2	L4	L	NoA	1	SF2L4NA	NA	Larvae	0,00161371	0,002658163	0,002582738	0,037657262	0,000814562	0,000295083	0,000218237	0,000865791	0,011651625	-1,45907E-05	0,000168636	8,27502E-05	0,000680231	2,32012E-05	0,000976658	4,71432E-05	1,76926E-05	-2,53572E-05	0,002634367	0,003785722	0,000483821	0,001174254	8,24519E-05	4,6878E-06	1,59931E-05	0	0,001030618	1,87258E-06	0,000128408	0,00049988	0,000202875	0,001257259	0,000188853	0,002473921	0,000507819	0,003139919
49	186	S	F2	SF2	H2	H	A	0,5	SF2H2A	NA	Larvae	0,001218632	0,001901963	0,00748837	0,034295639	0,000526256	0,003712344	0,000285743	0,005708586	0,022414243	3,69482E-06	0,000400516	0,001497958	0,002704828	7,06977E-05	0,000926661	-0,00013734	7,90408E-06	-2,33242E-05	0,004654257	0,007290774	0,000539326	0,001230383	4,10546E-05	3,17097E-05	3,74702E-05	0	0,000671497	2,27066E-06	8,65909E-05	0,000308319	0,000188911	0,001206107	-4,13669E-05	0,00307327	0,002111048	0,000851095
50	187	S	F2	SF2	L4	L	A	0,7	SF2L4A	NA	Larvae	0,001703534	0,002776168	0,003881784	0,038485509	0,001115126	0,002026785	0,000343792	0,002602182	0,023346693	1,90566E-05	0,000387091	0,000153658	0,001454936	4,76586E-05	0,001138329	-0,000239502	1,42887E-05	-1,52025E-06	0,002634367	0,003785722	0,000483821	0,001174254	8,24519E-05	4,6878E-06	1,59931E-05	0	0,001030618	1,87258E-06	0,000128408	0,00049988	0,000202875	0,001257259	0,000188853	0,002473921	0,000507819	0,003139919
51	188	S	F2	SF2	H9	H	A	0,8	SF2H9A	NA	Larvae	0,000884773	0,001502308	0,003525723	0,026701054	0,000856048	0,000637443	0,000171612	0,002849823	0,019945092	-1,10224E-05	0,000240532	0,000183226	0,001480903	5,2647E-05	0,000969011	-1,4971E-05	3,68471E-06	-1,08071E-05	0,003225339	0,004988167	0,000524744	0,000665267	5,83275E-05	-3,10034E-05	2,66215E-05	0	0,000696593	-5,56095E-07	6,49048E-05	0,000266231	8,76571E-05	0,002323865	3,30816E-05	0,00260351	0,001725696	0,000909395
52	189	S	F2	SF2	L7	L	NoA	0,8	SF2L7NA	NA	Larvae	0,00117689	0,00185208	0,005418983	0,05394425	0,00076	0,000915726	0,000219962	0,00378239	0,017886086	-1,29655E-06	0,000243262	0,000268508	0,00187058	2,52247E-05	0,000957013	5,39657E-05	4,98553E-06	-2,23743E-05	0,004914928	0,007809747	0,000368138	0,000763794	1,20469E-06	8,29836E-05	5,26963E-05	0	0,000710416	-5,6629E-07	2,62396E-05	6,22608E-05	0,000515409	0,001008841	9,25412E-06	0,001420067	0,000278019	0,001668105
53	190	S	F2	SF2	H2	H	NoA	2,8	SF2H2NA	NA	Larvae	0,000914383	0,001578574	0,005585855	0,037970926	0,000738737	0,001313285	0,000176541	0,002526661	0,022448264	1,70626E-05	0,000211566	0,000209839	0,001734198	1,69213E-05	0,001309024	4,92985E-05	-1,4433E-05	-8,43939E-06	0,004654257	0,007290774	0,000539326	0,001230383	4,10546E-05	3,17097E-05	3,74702E-05	0	0,000671497	2,27066E-06	8,65909E-05	0,000308319	0,000188911	0,001206107	-4,13669E-05	0,00307327	0,002111048	0,000851095
54	191	S	F2	SF2	L7	L	A	0,8	SF2L7A	NA	Larvae	9,14604E-05	0,00013871	0,001137415	0,009621597	0,000218636	0,000957163	2,42939E-05	0,000383621	0,002535636	8,25405E-07	1,4807E-05	0,000100438	0,000791013	1,99815E-05	0,000377351	-1,71751E-05	2,54046E-06	1,29562E-05	0,004914928	0,007809747	0,000368138	0,000763794	1,20469E-06	8,29836E-05	5,26963E-05	0	0,000710416	-5,6629E-07	2,62396E-05	6,22608E-05	0,000515409	0,001008841	9,25412E-06	0,001420067	0,000278019	0,001668105
55	192	S	F1	SF1	H9	H	NoA	0,9	SF1H9NA	NA	Larvae	0,000731131	0,001247209	0,00505688	0,043171466	0,000755955	0,001046395	0,000212317	0,004053095	0,02733877	-2,56889E-06	0,000329382	0,000329247	0,00221923	4,28412E-05	0,001019941	-7,57279E-05	-1,97542E-06	-3,29134E-05	0,003225339	0,004988167	0,000524744	0,000665267	5,83275E-05	-3,10034E-05	2,66215E-05	0	0,000696593	-5,56095E-07	6,49048E-05	0,000266231	8,76571E-05	0,002323865	3,30816E-05	0,00260351	0,001725696	0,000909395
56	193	S	F3	SF3	L7	L	A	0,6	SF3L7A	NA	Larvae	0,00171213	0,002626462	0,003327461	0,038242608	0,000661842	0,001212942	0,000247295	0,001912713	0,016696575	-5,35443E-06	0,000299585	0,000338333	0,001157118	5,12193E-05	0,000895904	-7,23165E-05	8,03871E-06	-1,39767E-05	0,004914928	0,007809747	0,000368138	0,000763794	1,20469E-06	8,29836E-05	5,26963E-05	0	0,000710416	-5,6629E-07	2,62396E-05	6,22608E-05	0,000515409	0,001008841	9,25412E-06	0,001420067	0,000278019	0,001668105
57	194	S	F3	SF3	L6	L	A	0,5	SF3L6A	NA	Larvae	0,001146837	0,001763053	0,004883319	0,019881337	0,001104936	0,001378374	0,000241758	0,002654874	0,018418999	-1,35688E-06	0,000249135	0,000395895	0,00171527	1,93478E-05	0,001305903	-0,00032603	-1,53062E-05	-2,99617E-05	0,002619375	0,004033408	0,000668699	0,001209476	6,32708E-05	6,86812E-05	3,09514E-05	0	0,000720719	7,92971E-07	5,57798E-05	0,000202136	0,000199633	0,002804899	0,000117236	0,001309102	0,000266959	0,000871333
58	196	E	F1	EF1	H3	H	A	0,5	EF1H3A	NA	Larvae	0,000665976	0,001269934	0,007355907	0,058434412	0,001223868	0,00289304	0,000305097	0,005125278	0,043707172	-1,79514E-05	0,00027446	0,000432899	0,002704584	4,44734E-05	0,00147136	-0,000154403	-9,89231E-06	-8,05975E-05	0,004654257	0,007290774	0,000539326	0,001230383	4,10546E-05	3,17097E-05	3,74702E-05	0	0,000671497	2,27066E-06	8,65909E-05	0,000308319	0,000188911	0,001206107	-4,13669E-05	0,00307327	0,002111048	0,000851095
59	197	E	F1	EF1	H9	H	A	0,9	EF1H9A	NA	Larvae	0,002840684	0,004650326	0,003279576	0,059344122	0,001179317	0,000451025	0,000445594	0,001959604	0,025937668	7,90556E-06	0,000499308	0,000247115	0,00192066	4,64592E-05	0,002092477	-1,99971E-05	2,90579E-05	-3,85539E-05	0,003225339	0,004988167	0,000524744	0,000665267	5,83275E-05	-3,10034E-05	2,66215E-05	0	0,000696593	-5,56095E-07	6,49048E-05	0,000266231	8,76571E-05	0,002323865	3,30816E-05	0,00260351	0,001725696	0,000909395
60	198	E	F1	EF1	L7	L	NoA	1	EF1L7NA	NA	Larvae	0,002137752	0,003320807	0,003329061	0,019708997	0,000696574	0,000328898	0,000291113	0,00201593	0,015068567	8,70774E-06	0,000173279	-0,000145755	0,000553537	3,51771E-05	0,00071267	-7,05435E-05	9,08565E-06	-4,51638E-05	0,004914928	0,007809747	0,000368138	0,000763794	1,20469E-06	8,29836E-05	5,26963E-05	0	0,000710416	-5,6629E-07	2,62396E-05	6,22608E-05	0,000515409	0,001008841	9,25412E-06	0,001420067	0,000278019	0,001668105
61	199	E	F1	EF1	H2	H	NoA	0,9	EF1H2NA	NA	Larvae	0,000915918	0,001429303	0,003381356	0,021519372	0,000608048	0,000879393	0,000196438	0,001804018	0,019507488	6,93725E-06	0,000209213	-5,76267E-05	0,001372776	3,80228E-05	0,000969798	-6,02796E-05	-1,74229E-05	-9,7509E-06	0,004654257	0,007290774	0,000539326	0,001230383	4,10546E-05	3,17097E-05	3,74702E-05	0	0,000671497	2,27066E-06	8,65909E-05	0,000308319	0,000188911	0,001206107	-4,13669E-05	0,00307327	0,002111048	0,000851095
62	200	E	F1	EF1	H9	H	NoA	0,6	EF1H9NA	NA	Larvae	0,00172306	0,002739204	0,002383412	0,038986188	0,000699641	0,000741266	0,000283677	0,001409039	0,020658972	4,8741E-06	0,000246007	0,000154249	0,001204442	2,49868E-05	0,000904948	-3,43543E-05	3,03882E-05	-2,8107E-05	0,003225339	0,004988167	0,000524744	0,000665267	5,83275E-05	-3,10034E-05	2,66215E-05	0	0,000696593	-5,56095E-07	6,49048E-05	0,000266231	8,76571E-05	0,002323865	3,30816E-05	0,00260351	0,001725696	0,000909395
63	201	E	F2	EF2	L6	L	A	0,8	EF2L6A	NA	Larvae	0,002494423	0,003849415	0,003636939	0,023089545	0,001114852	0,000611939	0,000362609	0,000919036	0,015588355	-2,13152E-05	0,000301604	0,000164382	0,001519298	2,09586E-05	0,000980136	-0,000178556	8,66514E-05	-1,13487E-05	0,002619375	0,004033408	0,000668699	0,001209476	6,32708E-05	6,86812E-05	3,09514E-05	0	0,000720719	7,92971E-07	5,57798E-05	0,000202136	0,000199633	0,002804899	0,000117236	0,001309102	0,000266959	0,000871333
64	202	E	F1	EF1	H3	H	NoA	0,6	EF1H3NA	NA	Larvae	0,000883406	0,001495205	0,00931653	0,029757271	0,000508922	0,003107604	0,000211839	0,005061433	0,029591576	3,24706E-06	0,000318959	0,000556961	0,003247699	0,000132483	0,001609867	7,43711E-05	-3,33955E-05	-1,85496E-05	0,004654257	0,007290774	0,000539326	0,001230383	4,10546E-05	3,17097E-05	3,74702E-05	0	0,000671497	2,27066E-06	8,65909E-05	0,000308319	0,000188911	0,001206107	-4,13669E-05	0,00307327	0,002111048	0,000851095
65	203	E	F2	EF2	L4	L	A	1	EF2L4A	NA	Larvae	0,003044647	0,004799464	0,002493675	0,01552804	0,000839814	0,000134109	0,000412833	0,000661755	0,012756111	9,42687E-07	0,00048647	0,000484149	0,001284704	-2,34135E-06	0,000893097	-0,000206592	2,86096E-05	7,65606E-06	0,002634367	0,003785722	0,000483821	0,001174254	8,24519E-05	4,6878E-06	1,59931E-05	0	0,001030618	1,87258E-06	0,000128408	0,00049988	0,000202875	0,001257259	0,000188853	0,002473921	0,000507819	0,003139919
66	204	E	F3	EF3	H9	H	A	0,8	EF3H9A	NA	Larvae	0,000948518	0,001548482	0,007776816	0,034349163	0,000465946	0,001246431	0,000176849	0,003433153	0,026124103	1,45958E-05	0,000241693	0,00027053	0,002531759	5,939E-05	0,000676436	-0,000148989	-1,79778E-05	-1,0273E-05	0,003225339	0,004988167	0,000524744	0,000665267	5,83275E-05	-3,10034E-05	2,66215E-05	0	0,000696593	-5,56095E-07	6,49048E-05	0,000266231	8,76571E-05	0,002323865	3,30816E-05	0,00260351	0,001725696	0,000909395
67	205	E	F3	EF3	L4	L	NoA	0,9	EF3L4NA	NA	Larvae	0,001704791	0,002698199	0,003330925	0,035798863	0,000597948	0,0004778	0,000261477	0,001873414	0,020615675	4,48302E-06	0,000225993	3,0583E-05	0,002095049	2,00453E-05	0,001048598	-4,5661E-05	1,02705E-05	-3,9467E-05	0,002634367	0,003785722	0,000483821	0,001174254	8,24519E-05	4,6878E-06	1,59931E-05	0	0,001030618	1,87258E-06	0,000128408	0,00049988	0,000202875	0,001257259	0,000188853	0,002473921	0,000507819	0,003139919
68	206	E	F3	EF3	L6	L	NoA	0,3	EF3L6NA	NA	Larvae	0,000828785	0,001308121	0,006492945	0,049144481	0,000494116	0,00251941	0,000139338	0,003879158	0,026003751	1,7833E-05	0,000103724	-0,000316083	0,002516227	6,40886E-05	0,001328897	-8,60351E-05	9,47162E-06	2,64458E-06	0,002619375	0,004033408	0,000668699	0,001209476	6,32708E-05	6,86812E-05	3,09514E-05	0	0,000720719	7,92971E-07	5,57798E-05	0,000202136	0,000199633	0,002804899	0,000117236	0,001309102	0,000266959	0,000871333
69	207	E	F3	EF3	L7	L	NoA	0,8	EF3L7NA	NA	Larvae	0,000735218	0,001334364	0,007976636	0,058959895	0,00185482	0,001462674	0,000284278	0,002569661	0,055528928	-4,50728E-05	0,000421128	0,000375485	0,004596043	6,35278E-05	0,002626589	-0,000251932	-3,91752E-05	3,63215E-05	0,004914928	0,007809747	0,000368138	0,000763794	1,20469E-06	8,29836E-05	5,26963E-05	0	0,000710416	-5,6629E-07	2,62396E-05	6,22608E-05	0,000515409	0,001008841	9,25412E-06	0,001420067	0,000278019	0,001668105
70	208	E	F4	EF4	H2	H	A	0,8	EF4H2A	NA	Larvae	0,001188738	0,001860133	0,005207704	0,035553958	0,000687228	0,001304893	0,00023822	0,002263521	0,025227401	2,02647E-05	0,000150528	1,0158E-05	0,002252866	2,37272E-05	0,000931116	-3,68874E-05	-1,49435E-06	-1,57169E-06	0,004654257	0,007290774	0,000539326	0,001230383	4,10546E-05	3,17097E-05	3,74702E-05	0	0,000671497	2,27066E-06	8,65909E-05	0,000308319	0,000188911	0,001206107	-4,13669E-05	0,00307327	0,002111048	0,000851095
71	209	E	F4	EF4	H3	H	A	0,6	EF4H3A	NA	Larvae	0,001875342	0,003089848	0,00396766	0,045976282	0,000589259	0,000702247	0,000244224	0,002028476	0,01629447	2,14081E-06	0,00018593	5,96452E-05	0,002114875	6,35989E-05	0,001133247	-0,00022205	5,214E-06	-3,38135E-05	0,004654257	0,007290774	0,000539326	0,001230383	4,10546E-05	3,17097E-05	3,74702E-05	0	0,000671497	2,27066E-06	8,65909E-05	0,000308319	0,000188911	0,001206107	-4,13669E-05	0,00307327	0,002111048	0,000851095
72	210	E	F4	EF4	H9	H	A	0,8	EF4H9A	NA	Larvae	0,002009026	0,003186009	0,004431392	0,036122471	0,000944428	0,000646924	0,000309476	0,002802463	0,026237007	-9,83774E-06	0,000266708	2,24772E-05	0,002613966	4,71331E-05	0,001125288	-9,12562E-06	4,19054E-05	-4,56479E-05	0,003225339	0,004988167	0,000524744	0,000665267	5,83275E-05	-3,10034E-05	2,66215E-05	0	0,000696593	-5,56095E-07	6,49048E-05	0,000266231	8,76571E-05	0,002323865	3,30816E-05	0,00260351	0,001725696	0,000909395
73	211	E	F4	EF4	L4	L	NoA	0,8	EF4L4NA	NA	Larvae	0,001149486	0,00187082	0,002606701	0,049004992	0,000688547	0,000473452	0,000236617	0,001978574	0,022772498	1,26591E-05	0,000206393	7,51228E-06	0,001958629	1,60612E-05	0,000919174	-1,3835E-05	4,64714E-05	-9,16104E-06	0,002634367	0,003785722	0,000483821	0,001174254	8,24519E-05	4,6878E-06	1,59931E-05	0	0,001030618	1,87258E-06	0,000128408	0,00049988	0,000202875	0,001257259	0,000188853	0,002473921	0,000507819	0,003139919
74	212	E	F2	EF2	L7	L	A	0,7	EF2L7A	NA	Larvae	0,000917088	0,001506904	0,004712592	0,029691747	0,000689655	0,000759696	0,000184573	0,002249077	0,021995805	1,04815E-05	0,00020784	7,76853E-05	0,002172922	3,75186E-05	0,001340581	-2,77495E-05	7,84488E-06	-1,29024E-05	0,004914928	0,007809747	0,000368138	0,000763794	1,20469E-06	8,29836E-05	5,26963E-05	0	0,000710416	-5,6629E-07	2,62396E-05	6,22608E-05	0,000515409	0,001008841	9,25412E-06	0,001420067	0,000278019	0,001668105
75	213	E	F2	EF2	H2	H	A	0,9	EF2H2A	NA	Larvae	0,001186914	0,002045242	0,006270461	0,039342829	0,000826331	0,001743264	0,000237462	0,00341088	0,030529107	3,86866E-06	0,000320862	0,000360502	0,002543588	6,1618E-05	0,001488839	-2,87628E-05	-2,95053E-05	-2,61467E-05	0,004654257	0,007290774	0,000539326	0,001230383	4,10546E-05	3,17097E-05	3,74702E-05	0	0,000671497	2,27066E-06	8,65909E-05	0,000308319	0,000188911	0,001206107	-4,13669E-05	0,00307327	0,002111048	0,000851095
76	214	E	F2	EF2	H3	H	A	0,9	EF2H3A	NA	Larvae	0,003618588	0,005683284	0,004736684	0,031268738	0,000659651	0,000910416	0,00030129	0,001338317	0,020715213	-4,51635E-06	0,000247893	0,000298752	0,001404339	8,61693E-05	0,000954254	-1,66156E-05	1,09384E-05	8,35851E-06	0,004654257	0,007290774	0,000539326	0,001230383	4,10546E-05	3,17097E-05	3,74702E-05	0	0,000671497	2,27066E-06	8,65909E-05	0,000308319	0,000188911	0,001206107	-4,13669E-05	0,00307327	0,002111048	0,000851095
77	215	E	F2	EF2	H9	H	A	1,1	EF2H9A	NA	Larvae	0,002163615	0,003368158	0,003091918	0,016532663	0,000684828	0,000392843	0,000299622	0,001125905	0,015786155	-5,1285E-06	0,000212935	0,000129568	0,001215963	2,88105E-05	0,000686779	-2,5126E-05	5,49248E-07	-3,08488E-05	0,003225339	0,004988167	0,000524744	0,000665267	5,83275E-05	-3,10034E-05	2,66215E-05	0	0,000696593	-5,56095E-07	6,49048E-05	0,000266231	8,76571E-05	0,002323865	3,30816E-05	0,00260351	0,001725696	0,000909395
78	216	E	F2	EF2	L4	L	NoA	0,9	EF2L4NA	NA	Larvae	0,002145588	0,003344463	0,004164652	0,032803969	0,000509248	0,00070927	0,000258585	0,001914045	0,02145633	1,58668E-05	0,000295262	0,000394601	0,001600459	4,92008E-05	0,000708924	0,000138814	1,5561E-05	-3,36036E-05	0,002634367	0,003785722	0,000483821	0,001174254	8,24519E-05	4,6878E-06	1,59931E-05	0	0,001030618	1,87258E-06	0,000128408	0,00049988	0,000202875	0,001257259	0,000188853	0,002473921	0,000507819	0,003139919
79	217	E	F2	EF2	L7	L	NoA	0,7	EF2L7NA	NA	Larvae	0,00152265	0,002452213	0,004101098	0,043163015	0,000632127	0,000497206	0,000220312	0,001517862	0,022511682	-8,35072E-06	0,000408664	0,000502982	0,001614544	3,19852E-05	0,000986052	-1,96969E-05	1,28569E-06	5,82139E-06	0,004914928	0,007809747	0,000368138	0,000763794	1,20469E-06	8,29836E-05	5,26963E-05	0	0,000710416	-5,6629E-07	2,62396E-05	6,22608E-05	0,000515409	0,001008841	9,25412E-06	0,001420067	0,000278019	0,001668105
80	218	E	F2	EF2	H3	H	NoA	0,6	EF2H3NA	NA	Larvae	0,001924703	0,003089411	0,003853883	0,042499641	0,000887987	0,001498921	0,000329378	0,001993912	0,029674969	-1,16445E-05	0,00041569	0,000456171	0,001784613	3,13413E-05	0,00094348	-0,000119262	1,51699E-05	-1,21332E-05	0,004654257	0,007290774	0,000539326	0,001230383	4,10546E-05	3,17097E-05	3,74702E-05	0	0,000671497	2,27066E-06	8,65909E-05	0,000308319	0,000188911	0,001206107	-4,13669E-05	0,00307327	0,002111048	0,000851095
81	219	E	F3	EF3	H3	H	A	0,7	EF3H3A	NA	Larvae	0,002867633	0,004416075	0,003578509	0,039002396	0,001086112	0,000780553	0,000336562	0,001007662	0,023960521	-1,94559E-05	0,00018924	1,35941E-05	0,001330159	4,72683E-05	0,001078256	-0,000241451	1,76845E-05	-8,24848E-06	0,004654257	0,007290774	0,000539326	0,001230383	4,10546E-05	3,17097E-05	3,74702E-05	0	0,000671497	2,27066E-06	8,65909E-05	0,000308319	0,000188911	0,001206107	-4,13669E-05	0,00307327	0,002111048	0,000851095
82	220	E	F2	EF2	H9	H	NoA	0,8	EF2H9NA	NA	Larvae	0,001311572	0,002042218	0,00268311	0,024363522	0,000936437	0,000624366	0,000297729	0,001328832	0,021071737	2,25726E-06	0,000204218	0,000101702	0,001426562	2,76661E-05	0,000861521	-5,69992E-05	-4,12518E-06	-1,55734E-05	0,003225339	0,004988167	0,000524744	0,000665267	5,83275E-05	-3,10034E-05	2,66215E-05	0	0,000696593	-5,56095E-07	6,49048E-05	0,000266231	8,76571E-05	0,002323865	3,30816E-05	0,00260351	0,001725696	0,000909395
83	221	E	F3	EF3	L4	L	A	0,8	EF3L4A	NA	Larvae	0,002755891	0,004370816	0,003436599	0,022553496	0,000770519	0,000621984	0,000416137	0,001968378	0,02022354	1,66777E-06	0,000277938	0,000229707	0,001654486	3,61935E-05	0,000720441	-6,26054E-05	7,90901E-05	-4,0832E-05	0,002634367	0,003785722	0,000483821	0,001174254	8,24519E-05	4,6878E-06	1,59931E-05	0	0,001030618	1,87258E-06	0,000128408	0,00049988	0,000202875	0,001257259	0,000188853	0,002473921	0,000507819	0,003139919
84	222	E	F3	EF3	H2	H	A	1	EF3H2A	NA	Larvae	0,001677291	0,002650145	0,005213937	0,033310883	0,000765662	0,001102989	0,000307367	0,002357507	0,026256377	1,76855E-06	0,000226947	0,000159158	0,001248366	3,76517E-05	0,000987559	1,33502E-05	-2,08339E-05	-3,85153E-05	0,004654257	0,007290774	0,000539326	0,001230383	4,10546E-05	3,17097E-05	3,74702E-05	0	0,000671497	2,27066E-06	8,65909E-05	0,000308319	0,000188911	0,001206107	-4,13669E-05	0,00307327	0,002111048	0,000851095
85	223	E	F2	EF2	H2	H	NoA	0,4	EF2H2NA	NA	Larvae	0,001070723	0,001721884	0,002309078	0,026227794	0,000639321	0,000713299	0,000194109	0,001123002	0,014868943	5,74695E-06	0,000105524	1,99913E-05	0,001027585	8,54981E-06	0,000973192	-8,00224E-05	2,54125E-05	-2,12566E-05	0,004654257	0,007290774	0,000539326	0,001230383	4,10546E-05	3,17097E-05	3,74702E-05	0	0,000671497	2,27066E-06	8,65909E-05	0,000308319	0,000188911	0,001206107	-4,13669E-05	0,00307327	0,002111048	0,000851095
86	224	S	F5	SF5	H3	H	NoA	0,7	SF5H3NA	NA	Larvae	0,004498056	0,007104322	0,00488201	0,046400014	0,001642358	0,001182611	0,00052908	0,001670249	0,029290191	2,90532E-07	0,000333282	0,000300956	0,002089792	5,28304E-05	0,00168543	-5,1884E-06	1,67513E-05	-2,27488E-05	0,004654257	0,007290774	0,000539326	0,001230383	4,10546E-05	3,17097E-05	3,74702E-05	0	0,000671497	2,27066E-06	8,65909E-05	0,000308319	0,000188911	0,001206107	-4,13669E-05	0,00307327	0,002111048	0,000851095
87	225	S	F5	SF5	L4	L	NoA	0,4	SF5L4NA	NA	Larvae	0,00160273	0,002575076	0,003050845	0,01754827	0,001000823	0,000738613	0,000197448	0,001357168	0,015720946	-5,3817E-06	0,000378796	0,000434248	0,001396906	4,6385E-05	0,001193932	-3,59297E-05	-2,8394E-06	-6,21218E-05	0,002634367	0,003785722	0,000483821	0,001174254	8,24519E-05	4,6878E-06	1,59931E-05	0	0,001030618	1,87258E-06	0,000128408	0,00049988	0,000202875	0,001257259	0,000188853	0,002473921	0,000507819	0,003139919
88	226	S	F5	SF5	L7	L	NoA	0,6	SF5L7NA	NA	Larvae	0,00247249	0,003841794	0,007361673	0,043317957	0,001411724	0,002049567	0,000320496	0,00298991	0,034157956	-6,55494E-05	0,000801448	0,001051517	0,003082179	4,57249E-05	0,001441217	3,01388E-05	4,6373E-05	-3,07559E-05	0,004914928	0,007809747	0,000368138	0,000763794	1,20469E-06	8,29836E-05	5,26963E-05	0	0,000710416	-5,6629E-07	2,62396E-05	6,22608E-05	0,000515409	0,001008841	9,25412E-06	0,001420067	0,000278019	0,001668105
89	227	S	F5	SF5	L6	L	NoA	0,4	SF5L6NA	NA	Larvae	0,000900177	0,001367081	0,004072833	0,038389762	0,000941955	0,001669561	0,000151749	0,002286182	0,022451449	-2,38558E-05	0,000511229	0,000696494	0,001887553	1,63043E-05	0,001522855	-3,72701E-05	-7,85372E-06	-3,75218E-06	0,002619375	0,004033408	0,000668699	0,001209476	6,32708E-05	6,86812E-05	3,09514E-05	0	0,000720719	7,92971E-07	5,57798E-05	0,000202136	0,000199633	0,002804899	0,000117236	0,001309102	0,000266959	0,000871333
90	228	S	F5	SF5	H9	H	A	0,3	SF5H9A	NA	Larvae	0,000406076	0,000836759	0,007209512	0,04490881	0,00153025	0,001432047	0,000158177	0,003817682	0,036524975	-1,61403E-05	0,000535798	0,000674123	0,002950203	8,41772E-05	0,002305343	-0,000133375	-5,89526E-06	-3,98378E-05	0,003225339	0,004988167	0,000524744	0,000665267	5,83275E-05	-3,10034E-05	2,66215E-05	0	0,000696593	-5,56095E-07	6,49048E-05	0,000266231	8,76571E-05	0,002323865	3,30816E-05	0,00260351	0,001725696	0,000909395
91	229	S	F5	SF5	H2	H	NoA	0,6	SF5H2NA	NA	Larvae	0,001983545	0,003058475	0,003441824	0,032146432	0,002097544	0,000851123	0,000371872	0,002117113	0,026847122	-2,22532E-05	0,000725691	0,000629454	0,002168938	2,68953E-05	0,002435161	0,000181323	0,000235768	-0,000104484	0,004654257	0,007290774	0,000539326	0,001230383	4,10546E-05	3,17097E-05	3,74702E-05	0	0,000671497	2,27066E-06	8,65909E-05	0,000308319	0,000188911	0,001206107	-4,13669E-05	0,00307327	0,002111048	0,000851095
92	230	S	F1	SF1	L7	L	NoA	0,9	SF1L7NA	NA	Larvae	0,003532958	0,005816266	0,005489393	0,043364629	0,000909482	0,001207413	0,000327208	0,00277955	0,02029399	-1,62458E-05	0,00055496	0,000542129	0,002475071	4,1584E-05	0,001435432	0,000248675	-4,27729E-06	-5,66616E-06	0,004914928	0,007809747	0,000368138	0,000763794	1,20469E-06	8,29836E-05	5,26963E-05	0	0,000710416	-5,6629E-07	2,62396E-05	6,22608E-05	0,000515409	0,001008841	9,25412E-06	0,001420067	0,000278019	0,001668105
93	234	S	F1	SF1	L6	L	NoA	1,1	SF1L6NA	NA	Larvae	0,001142655	0,001821388	0,001835118	0,026931684	0,000636619	0,000348549	0,000357198	0,000588185	0,020592833	4,28145E-05	0,000105881	2,43353E-05	0,000493151	1,79081E-05	0,000496271	3,05117E-05	-8,78076E-06	-1,96686E-05	0,002619375	0,004033408	0,000668699	0,001209476	6,32708E-05	6,86812E-05	3,09514E-05	0	0,000720719	7,92971E-07	5,57798E-05	0,000202136	0,000199633	0,002804899	0,000117236	0,001309102	0,000266959	0,000871333
94	235	S	F1	SF1	L4	L	A	0,2	SF1L4A	NA	Larvae	0,00014437	0,000405839	0,004302095	0,02609208	0,000510823	0,001553649	0,00022949	0,002006096	0,021956173	7,82956E-05	0,000197518	0,000530917	0,001261739	3,17608E-05	0,000616883	4,44843E-05	-4,89934E-06	-1,94471E-05	0,002634367	0,003785722	0,000483821	0,001174254	8,24519E-05	4,6878E-06	1,59931E-05	0	0,001030618	1,87258E-06	0,000128408	0,00049988	0,000202875	0,001257259	0,000188853	0,002473921	0,000507819	0,003139919
95	236	S	F1	SF1	L4	L	NoA	0,8	SF1L4NA	NA	Larvae	0,002297982	0,00370907	0,011529241	0,114677335	0,003071549	0,004403237	0,001533841	0,007947938	0,103480049	0,000342837	0,000519128	0,000348227	0,003806419	9,56305E-05	0,003295835	0,000374972	3,275E-05	-0,000108751	0,002634367	0,003785722	0,000483821	0,001174254	8,24519E-05	4,6878E-06	1,59931E-05	0	0,001030618	1,87258E-06	0,000128408	0,00049988	0,000202875	0,001257259	0,000188853	0,002473921	0,000507819	0,003139919
96	237	S	F1	SF1	H9	H	A	0,6	SF1H9A	NA	Larvae	0,001290629	0,00218519	0,003869279	0,033446173	0,000737459	0,00061936	0,000458928	0,001304742	0,024715107	0,000114533	8,58577E-05	-6,90447E-05	0,000951129	2,00905E-05	0,000934964	5,207E-05	1,71392E-05	2,00185E-06	0,003225339	0,004988167	0,000524744	0,000665267	5,83275E-05	-3,10034E-05	2,66215E-05	0	0,000696593	-5,56095E-07	6,49048E-05	0,000266231	8,76571E-05	0,002323865	3,30816E-05	0,00260351	0,001725696	0,000909395
97	238	E	F4	EF4	H9	H	NoA	1,4	EF4H9NA	NA	Larvae	0,00111583	0,001801071	0,001883697	0,046913147	0,001021314	0,000489481	0,000427599	0,001291915	0,027089779	7,4491E-05	7,99734E-05	-0,000138493	0,000591147	1,3432E-05	0,000602196	0,000223042	5,46335E-06	-5,69322E-05	0,003225339	0,004988167	0,000524744	0,000665267	5,83275E-05	-3,10034E-05	2,66215E-05	0	0,000696593	-5,56095E-07	6,49048E-05	0,000266231	8,76571E-05	0,002323865	3,30816E-05	0,00260351	0,001725696	0,000909395
98	239	S	F1	SF1	H3	H	A	0,6	SF1H3A	NA	Larvae	0,000556392	0,000854329	0,001371783	0,019133822	0,000421036	0,000187523	0,000215557	0,00063083	0,013339434	4,18767E-05	5,83128E-05	-2,70603E-05	0,000371409	1,49549E-05	0,000334045	-2,00521E-05	1,53047E-05	-1,69998E-05	0,004654257	0,007290774	0,000539326	0,001230383	4,10546E-05	3,17097E-05	3,74702E-05	0	0,000671497	2,27066E-06	8,65909E-05	0,000308319	0,000188911	0,001206107	-4,13669E-05	0,00307327	0,002111048	0,000851095
99	240	S	F1	SF1	H2	H	A	0,6	SF1H2A	NA	Larvae	0,000972878	0,00152213	0,003252983	0,051837761	0,001041742	0,001452826	0,000540202	0,002049254	0,037115511	6,31878E-05	0,000111527	-0,000153247	0,001157288	3,05511E-05	0,000888979	6,63482E-05	8,51218E-06	-4,61103E-05	0,004654257	0,007290774	0,000539326	0,001230383	4,10546E-05	3,17097E-05	3,74702E-05	0	0,000671497	2,27066E-06	8,65909E-05	0,000308319	0,000188911	0,001206107	-4,13669E-05	0,00307327	0,002111048	0,000851095
100	241	S	F1	SF1	L7	L	A	1,2	SF1L7A	NA	Larvae	0,000864992	0,001670017	0,002213945	0,032130443	0,00108372	0,00087991	0,000575993	0,001191316	0,028563195	0,000112844	0,000101597	-8,40899E-05	0,000743215	4,31754E-05	0,000811974	5,51139E-05	2,90037E-05	3,50336E-06	0,004914928	0,007809747	0,000368138	0,000763794	1,20469E-06	8,29836E-05	5,26963E-05	0	0,000710416	-5,6629E-07	2,62396E-05	6,22608E-05	0,000515409	0,001008841	9,25412E-06	0,001420067	0,000278019	0,001668105
101	242	S	F1	SF1	L6	L	A	1	SF1L6A	NA	Larvae	0,000673363	0,001124805	0,003271424	0,036850689	0,000524414	0,000411114	0,000391724	0,003254916	0,023027833	0,000103461	0,00011379	0,000130126	0,00130616	2,15001E-05	0,000484984	0,00019454	-1,53936E-06	-2,26233E-05	0,002619375	0,004033408	0,000668699	0,001209476	6,32708E-05	6,86812E-05	3,09514E-05	0	0,000720719	7,92971E-07	5,57798E-05	0,000202136	0,000199633	0,002804899	0,000117236	0,001309102	0,000266959	0,000871333
102	243	E	F4	EF4	H3	H	NoA	1,2	EF4H3NA	NA	Larvae	0,000253344	0,000528135	0,003652069	0,037945805	0,000617369	0,00114558	0,000354281	0,002637493	0,026668874	0,000109811	0,000239931	0,000449327	0,001341002	4,33173E-05	0,000547295	4,94239E-05	1,51942E-06	9,5443E-07	0,004654257	0,007290774	0,000539326	0,001230383	4,10546E-05	3,17097E-05	3,74702E-05	0	0,000671497	2,27066E-06	8,65909E-05	0,000308319	0,000188911	0,001206107	-4,13669E-05	0,00307327	0,002111048	0,000851095
103	244	E	F4	EF4	H2	H	NoA	0,6	EF4H2NA	NA	Larvae	0,000564781	0,000901964	0,001929026	0,025779193	0,000581226	0,000351706	0,000275342	0,000717403	0,016801995	6,30895E-05	5,74733E-05	-3,98915E-05	0,000922644	-9,24607E-06	0,000382492	5,7709E-05	3,3398E-05	-1,56994E-05	0,004654257	0,007290774	0,000539326	0,001230383	4,10546E-05	3,17097E-05	3,74702E-05	0	0,000671497	2,27066E-06	8,65909E-05	0,000308319	0,000188911	0,001206107	-4,13669E-05	0,00307327	0,002111048	0,000851095
104	245	E	F4	EF4	L7	L	NoA	0,8	EF4L7NA	NA	Larvae	0,000310101	0,000652524	0,003583824	0,033056432	0,001162992	0,000638111	0,000330175	0,001146494	0,029066174	0,000128102	9,23498E-05	-1,59774E-05	0,001694452	2,918E-05	0,000832155	1,83746E-05	5,60285E-06	-4,86733E-05	0,004914928	0,007809747	0,000368138	0,000763794	1,20469E-06	8,29836E-05	5,26963E-05	0	0,000710416	-5,6629E-07	2,62396E-05	6,22608E-05	0,000515409	0,001008841	9,25412E-06	0,001420067	0,000278019	0,001668105
105	246	E	F4	EF4	L6	L	NoA	0,6	EF4L6NA	NA	Larvae	0,000329061	0,000679032	0,00437541	0,036722576	0,000892206	0,002009461	0,000444611	0,00265214	0,029438812	0,00018003	0,000156442	0,000438681	0,002202196	3,76868E-05	0,000654199	-5,14893E-06	-7,36345E-06	-5,45681E-05	0,002619375	0,004033408	0,000668699	0,001209476	6,32708E-05	6,86812E-05	3,09514E-05	0	0,000720719	7,92971E-07	5,57798E-05	0,000202136	0,000199633	0,002804899	0,000117236	0,001309102	0,000266959	0,000871333
106	247	E	F1	EF1	L6	L	NoA	0,1	EF1L6NA	NA	Larvae	0,00040088	0,00079234	0,00535988	0,035145019	0,00120453	0,00110217	0,000358946	0,002231649	0,032723684	0,000279456	0,000258558	0,000715401	0,002682002	3,15662E-06	0,000933349	-1,07517E-06	5,68258E-06	-5,52754E-05	0,002619375	0,004033408	0,000668699	0,001209476	6,32708E-05	6,86812E-05	3,09514E-05	0	0,000720719	7,92971E-07	5,57798E-05	0,000202136	0,000199633	0,002804899	0,000117236	0,001309102	0,000266959	0,000871333
107	248	E	F1	EF1	L4	L	NoA	0,6	EF1L4NA	NA	Larvae	0,002671489	0,005456399	0,016933405	0,141571734	0,007604341	0,002408565	0,002443406	0,004742743	0,159493003	0,000548629	0,000834969	8,13902E-05	0,00696774	0,000108759	0,003847402	8,00743E-05	-2,44198E-05	-0,000198001	0,002634367	0,003785722	0,000483821	0,001174254	8,24519E-05	4,6878E-06	1,59931E-05	0	0,001030618	1,87258E-06	0,000128408	0,00049988	0,000202875	0,001257259	0,000188853	0,002473921	0,000507819	0,003139919
