Sample_ref	Plant_genotype	Plant_line	Time	Tube	b-Glucose	a-Glucose	Sucrose	Alanine	Glutamate	Glutamine	Threonine	Valine	Arginine	Lysine	Formic acid	Acetic acid	Fumaric acid	Adenine	Choline	Ethanol & Ethyl - b - glucoside	Verbascoside	Aucubin	Catalpol
Plantago_Juhis_490-551.511.fid	H2	H	1	511	0,044747286	0,034438028	0,023738978	0,008486678	0,030153631	0,001267629	0,021402848	0,0007581	0,005814679	0,007827137	0,000377816	0,000322938	0,008310745	-4,71862E-05	0,017372301	0,002545212	0,047510032	0,06860844	0,049492783
Plantago_Juhis_490-551.512.fid	H2	H	4	512	0,030717804	0,026203002	0,038693727	0,012315886	0,025683062	0,003962818	0,017160621	0,001526171	0,009215102	0,012711136	0,000168814	0,001934833	0,002872345	2,53627E-05	0,018523602	0,004094812	0,037536673	0,093125995	0,045249892
Plantago_Juhis_490-551.513.fid	H2	H	6	513	0,020542986	0,021696779	0,027176939	0,010516158	0,037558617	0,008726714	0,014987681	0,001016281	0,010564475	0,015302769	0,000179968	0,000768242	0,000177999	0,00010516	0,017829699	0,006613627	0,042530557	0,107940842	0,073312665
Plantago_Juhis_490-551.514.fid	H2	H	9	514	0,029284479	0,023085245	0,021388576	0,007984263	0,015597799	0,001211487	0,011431727	-0,000264397	0,010944583	0,013067546	0,000174044	0,002498408	0,0009589	3,07202E-05	0,020253073	0,004851024	0,052039474	0,109227677	0,079121618
Plantago_Juhis_490-551.515.fid	H2	H	12	515	0,018111541	0,017421159	0,022093672	0,017235716	0,030272516	0,004119022	0,013839742	0,000837345	0,013714024	0,015979224	0,000122053	0,004495867	0,004338357	5,62781E-05	0,021767012	0,005638386	0,057945249	0,088263092	0,084620366
Plantago_Juhis_490-551.516.fid	H2	H	15	516	0,072238601	0,046017745	0,017945781	0,00688584	0,030478992	0,001445625	0,009213011	0,001081821	0,013733707	0,017692516	0,000709192	0,003904507	0,009612506	8,40167E-05	0,020033575	0,003461101	0,034265696	0,031716184	0,039393786
Plantago_Juhis_490-551.517.fid	H2	H	18	517	0,054026935	0,035984599	0,022730481	0,008548223	0,026327152	0,000573027	0,007383611	0,00059117	0,012244207	0,014284195	0,000535094	0,004622943	0,002994862	0,000119829	0,020868538	0,003052716	0,032813495	0,044164992	0,061104044
Plantago_Juhis_490-551.518.fid	H2	H	21	518	0,095310395	0,05743947	0,01737828	0,004897873	0,02904923	0,001074657	0,006505779	-0,000466283	0,009185709	0,013251886	0,001018538	0,002078172	0,005299046	7,36592E-05	0,020327133	-0,00115269	0,03156253	0,024405743	0,045191765
Plantago_Juhis_490-551.519.fid	H2	H	24	519	0,072414249	0,049487788	0,016310958	0,004946644	0,029607547	0,001889727	0,00417441	-0,000908949	0,00796965	0,011570993	0,000915431	0,001672664	0,003111706	9,4149E-05	0,017149832	-0,002412587	0,03275322	0,035183325	0,048797813
Plantago_Juhis_490-551.520.fid	H2	H	27	520	0,076467387	0,052727343	0,014772745	0,003875103	0,024875648	0,001285456	0,005511608	-0,000638649	0,010920964	0,014869923	0,001076739	0,002148184	0,0003855	5,08074E-05	0,01799983	-0,00109939	0,03594934	0,047275484	0,091492159
Plantago_Juhis_490-551.500.fid	H3	H	1	500	0,032774165	0,029224359	0,016499843	0,007617679	0,030372612	0,002481469	0,017338706	-0,000409823	0,00724909	0,00815489	0,00036263	0,003273017	0,011371255	0,000119199	0,020200321	0,001016155	0,055314408	0,005498106	0,094513831
Plantago_Juhis_490-551.501.fid	H3	H	4	501	0,044073091	0,036849005	0,03885764	0,0111018	0,019792317	0,002475897	0,013244627	0,003558991	0,018283813	0,023048219	0,000322857	0,005351776	0,000446075	-3,6696E-05	0,021530709	0,005181999	0,055125187	0,100642092	0,110426091
Plantago_Juhis_490-551.502.fid	H3	H	6	502	0,016939304	0,016370459	0,02537784	0,008871545	0,011951882	0,000739568	0,007862661	0,000785101	0,014315821	0,018061281	0,000122972	0,003032384	-6,5134E-05	-9,25045E-06	0,021145271	0,003295201	0,040270432	0,081932585	0,118749009
Plantago_Juhis_490-551.503.fid	H3	H	9	503	0,023338887	0,019431471	0,023817228	0,008883182	0,014585066	0,000277591	0,009419423	-0,000992633	0,011456916	0,014345827	8,4173E-05	0,002261449	0,00136595	2,29451E-05	0,02072715	0,005581761	0,051803418	0,084892463	0,114959519
Plantago_Juhis_490-551.504.fid	H3	H	12	504	0,017916954	0,018539423	0,02365034	0,012612707	0,025532621	0,003463771	0,011935364	0,001615592	0,014548071	0,017991242	0,000115444	0,00408012	0,001267371	0,000101555	0,021273581	0,005443364	0,052923494	0,064990981	0,10306381
Plantago_Juhis_490-551.505.fid	H3	H	15	505	0,043743812	0,031150726	0,021455534	0,008847541	0,013170875	0,000694367	0,003448593	0,001204983	0,005981938	0,006877779	0,000373526	0,001623005	0,00364823	0,000151437	0,018251862	-0,000271104	0,020855348	0,040821442	0,063162694
Plantago_Juhis_490-551.506.fid	H3	H	18	506	0,046098786	0,03194176	0,022949673	0,012293113	0,024533677	0,000654915	0,006292891	0,000109403	0,006540213	0,008033655	0,000596688	0,001578433	0,003466274	9,12408E-05	0,020317565	0,004452674	0,029728938	0,030012404	0,070083582
Plantago_Juhis_490-551.507.fid	H3	H	21	507	0,068150172	0,045559508	0,021078498	0,005258245	0,019662617	-0,000277939	0,004574853	0,00090125	0,009836252	0,01123605	0,000783006	0,003530797	0,004712584	0,000178748	0,026673304	-0,002661928	0,024809134	0,028996275	0,078003272
Plantago_Juhis_490-551.508.fid	H3	H	24	508	0,07331214	0,050328722	0,016655584	0,008939149	0,029188398	0,001258195	0,003447953	-0,001141602	0,006863888	0,009943084	0,000776565	0,002029103	0,005740548	0,00017053	0,019652329	-0,001734933	0,025717518	0,020803482	0,065980926
Plantago_Juhis_490-551.509.fid	H3	H	27	509	0,019925875	0,020074346	0,027438807	0,004095174	0,029751474	0,004095598	0,006315273	0,000535006	0,012035737	0,013093672	0,000174249	0,006437813	0,013535859	0,00024515	0,023972921	0,001789248	0,059132855	0,030323401	0,057772722
Plantago_Juhis_490-551.510.fid	H3	H	28	510	0,030253341	0,027049065	0,021387172	0,004841266	0,02215713	0,001222463	0,007703556	0,006430371	0,010293017	0,01208367	0,000258268	0,002563599	0,012205784	-3,55246E-05	0,021759405	0,002662599	0,046207702	0,084160214	0,112532721
Plantago_Juhis_490-551.490.fid	H9	H	1	490	0,065493887	0,043877879	0,02031553	0,004922393	0,010832397	-4,27877E-05	0,020471108	0,000994798	0,008253649	0,01191532	0,000837329	0,000529558	0,001378266	7,47064E-05	0,026175819	0,002233468	0,015227479	0,025590585	0,041128009
Plantago_Juhis_490-551.491.fid	H9	H	4	491	0,018868035	0,020259293	0,030107406	0,011430247	0,027052306	0,005141208	0,011860481	0,005160736	0,020616295	0,023418001	4,66676E-05	0,009391909	0,001042128	1,76536E-05	0,025191757	0,002950182	0,037363336	0,089904257	0,108134095
Plantago_Juhis_490-551.492.fid	H9	H	6	492	0,016861222	0,020829916	0,029004885	0,005424632	0,009065158	0,00132274	0,011111325	-0,000740505	0,009471033	0,011520435	0,000207086	0,00141372	0,002104252	-3,55471E-05	0,019838448	0,003261614	0,050734416	0,077932434	0,091121508
Plantago_Juhis_490-551.493.fid	H9	H	9	493	0,019578403	0,020178917	0,019419412	0,008534031	0,017450427	-0,000120713	0,00797756	0,000613725	0,014319097	0,016303953	0,000138367	0,003331739	0,002787594	1,3696E-05	0,021616784	0,004817056	0,055269544	0,077329568	0,100154595
Plantago_Juhis_490-551.494.fid	H9	H	12	494	0,018475159	0,021314737	0,020562092	0,014295096	0,027460227	0,003284206	0,011204728	0,002031805	0,008190705	0,00998988	0,000201074	3,4007E-05	0,006831703	4,33301E-05	0,019931158	0,005814135	0,044210215	0,081049284	0,09381527
Plantago_Juhis_490-551.495.fid	H9	H	15	495	0,011116047	0,014476171	0,02110668	0,015058678	0,02510427	0,005684291	0,010732782	0,005490393	0,011519559	0,015613636	2,18565E-05	0,001522039	0,022134366	4,63961E-05	0,024101653	0,005789139	0,032088912	0,054346901	0,037362948
Plantago_Juhis_490-551.496.fid	H9	H	18	496	0,062586685	0,044237806	0,030773232	0,008452984	0,016389031	-4,71214E-05	0,009278993	0,00079455	0,011828562	0,014207106	0,000550707	0,002900014	0,021691204	0,000129681	0,025290859	0,004280552	0,028682442	0,029577372	0,057163436
Plantago_Juhis_490-551.497.fid	H9	H	21	497	0,072643448	0,048249853	0,0212815	0,009228444	0,025125999	0,001384512	0,009244077	-0,000521487	0,008401204	0,010273233	0,000888784	0,002307149	0,010656245	0,000202199	0,0232263	0,002989147	0,020298966	0,029909245	0,065316709
Plantago_Juhis_490-551.498.fid	H9	H	24	498	0,058049146	0,04243379	0,019934495	0,007993401	0,013539471	0,000817376	0,004861072	0,00023689	0,014865656	0,016407052	0,000449668	0,003543671	0,004563268	7,46283E-05	0,026808881	0,000430026	0,028784273	0,03462845	0,078656906
Plantago_Juhis_490-551.499.fid	H9	H	27	499	0,014260138	0,015660268	0,024280122	0,004834213	0,013844232	0,000741587	0,006282428	0,000928919	0,006237245	0,007201793	6,73345E-05	0,000333507	0,011594292	0,00015248	0,019395134	0,000788557	0,03088752	0,091727749	0,076974301
Plantago_Juhis_490-551.521.fid	L4	L	1	521	0,0273304	0,026538472	0,023889344	0,003390204	0,014414728	0,001571365	0,011921113	0,002327687	0,007488203	0,010251138	8,54376E-05	-5,2435E-06	0,001231569	2,59715E-05	0,020962083	0,004295682	0,058782407	0,046343197	0,035243505
Plantago_Juhis_490-551.522.fid	L4	L	4	522	0,035490183	0,03135081	0,033030527	0,008747261	0,025411601	0,001520606	0,016722395	0,002624275	0,014447478	0,018479518	0,000178012	0,002114437	0,002173598	4,70657E-05	0,020223303	0,007527351	0,071536585	0,043612319	0,043925953
Plantago_Juhis_490-551.523.fid	L4	L	6	523	0,019431377	0,021330099	0,032094796	0,005497451	0,036353331	0,004965288	0,013453678	0,003422502	0,010940965	0,014689886	0,00016122	0,000160802	0,001558685	6,90475E-05	0,018155557	0,00860219	0,073977137	0,041805379	0,03915039
Plantago_Juhis_490-551.524.fid	L4	L	9	524	0,011500617	0,017550966	0,022554871	0,006929305	0,033679066	0,004669975	0,010861967	0,001300082	0,014765447	0,018122209	7,55179E-05	0,002819475	0,002740478	6,32776E-06	0,022909645	0,007553637	0,074203316	0,070539115	0,057277983
Plantago_Juhis_490-551.525.fid	L4	L	12	525	0,006772836	0,015707165	0,02021438	0,012157019	0,041025913	0,007926626	0,01251129	0,003157598	0,016002093	0,020650438	-1,46266E-05	0,001685569	0,008941524	0,000158829	0,022060225	0,009735226	0,073459272	0,046643374	0,046450611
Plantago_Juhis_490-551.526.fid	L4	L	15	526	0,043781409	0,032786716	0,020575474	0,009183361	0,028821026	0,002096113	0,009594691	0,00593765	0,017775402	0,02195686	0,000446916	0,004008906	0,009518293	3,07604E-05	0,020226563	0,007199028	0,079680569	0,025847744	0,030811725
Plantago_Juhis_490-551.527.fid	L4	L	18	527	0,041319469	0,031412969	0,032974322	0,0122697	0,031343051	0,004657914	0,012061878	0,004484306	0,014839824	0,017885581	0,000532897	0,006013977	0,009829412	7,05553E-06	0,024608765	0,00812712	0,065870797	0,01874569	0,029540158
Plantago_Juhis_490-551.528.fid	L4	L	21	528	0,027847751	0,023418753	0,0236015	0,010663299	0,030017111	0,002807807	0,00774084	0,001601357	0,010418951	0,012614799	0,000299708	0,002267572	0,006515883	3,707E-05	0,020408137	0,00325623	0,091113119	0,019692272	0,035388869
Plantago_Juhis_490-551.529.fid	L4	L	24	529	0,076642913	0,049012844	0,021621644	0,005023818	0,043323071	0,005470214	0,010490589	0,003148558	0,011027151	0,016304194	0,000844385	0,002188553	0,002548038	4,15375E-05	0,01890193	0,00901518	0,065555013	0,014050811	0,018637016
Plantago_Juhis_490-551.530.fid	L4	L	27	530	0,04638466	0,028937442	0,020604496	0,002910708	0,020921806	0,000463395	0,006752622	0,00115988	0,010361602	0,012695109	0,000409421	0,001157587	0,00053166	7,05673E-05	0,017565995	0,003188044	0,118727066	0,026253491	0,046508776
Plantago_Juhis_490-551.531.fid	L6	L	1	531	0,020726368	0,022818411	0,02687832	0,007725761	0,030838956	0,004060247	0,015218345	0,002127861	0,024846503	0,028733253	0,000205718	0,009282324	0,000818929	6,75518E-05	0,02847462	0,004750569	0,033436814	0,040978517	0,031542282
Plantago_Juhis_490-551.532.fid	L6	L	4	532	0,028126493	0,026891693	0,035294065	0,015080568	0,016937673	0,000153173	0,017740948	0,00544	0,014720827	0,018725123	0,000110483	0,002177537	0,0056802	0,000119552	0,019800571	0,008122787	0,053200335	0,051162398	0,017285199
Plantago_Juhis_490-551.533.fid	L6	L	6	533	0,013762363	0,016375446	0,026164917	0,008558055	0,029654205	0,003315772	0,011753785	0,00377433	0,038610086	0,043255597	6,08463E-05	0,01685197	0,002758961	0,000130227	0,032084046	0,007359218	0,049125513	0,031499818	0,028631049
Plantago_Juhis_490-551.534.fid	L6	L	9	534	0,018594997	0,01444881	0,026244832	0,00809374	0,024271055	0,001510866	0,006895064	0,002312726	0,035854774	0,039013627	0,000271774	0,016006704	0,000358758	3,95713E-05	0,031904543	0,001750306	0,058726321	0,043029864	0,052161215
Plantago_Juhis_490-551.535.fid	L6	L	12	535	0,009682723	0,009328805	0,019251314	0,009518392	0,026895553	0,003202914	0,0103311	0,003667287	0,035741331	0,039128142	7,72953E-05	0,016891831	0,002995454	6,30557E-05	0,031018245	0,003955034	0,05230791	0,013483266	0,037921729
Plantago_Juhis_490-551.536.fid	L6	L	15	536	0,038268181	0,025831268	0,020544856	0,007819159	0,009481297	0,000324735	0,00889739	0,003642776	0,026718543	0,029988121	0,000659975	0,01318261	0,000793099	0,000269999	0,025498867	0,001651659	0,02691832	0,005853653	0,007340969
Plantago_Juhis_490-551.537.fid	L6	L	18	537	0,058515528	0,036473303	0,021794148	0,013583232	0,012545576	0,000944456	0,010470709	0,001169285	0,008453531	0,012294478	0,000953244	0,002929858	0,004031474	0,000192908	0,019610518	0,004319562	0,017311821	0,003607756	0,005031731
Plantago_Juhis_490-551.538.fid	L6	L	21	538	0,062377442	0,038982382	0,023451366	0,008984386	0,016680936	0,000907522	0,005736553	0,001442016	0,00283316	0,003558322	0,000881903	0,004858142	0,01027543	0,000274553	0,022421721	0,001122485	0,02606584	0,008324699	0,025399514
Plantago_Juhis_490-551.539.fid	L6	L	24	539	0,053368772	0,033135065	0,019122657	0,00352328	0,011509617	0,00125346	0,004022946	0,00114254	0,001823686	0,002497904	0,000771692	0,003703825	0,009111962	0,000273129	0,021632525	-0,000750425	0,007052757	0,001171619	0,006979468
Plantago_Juhis_490-551.540.fid	L6	L	27	540	0,056609133	0,035107703	0,020166541	0,003492452	0,011291139	0,001104166	0,004070763	0,000852729	0,001907495	0,002683465	0,000704597	0,003653237	0,009177365	0,000266505	0,020906634	-0,00027847	0,006281913	0,001064032	0,006560347
Plantago_Juhis_490-551.541.fid	L6	L	28	541	0,068493041	0,042803596	0,021121065	0,002982461	0,012965437	0,000895732	0,00493961	0,001618772	0,004101064	0,005514984	0,000586382	0,002951466	0,009442089	0,000145683	0,017042251	0,000144754	0,05729661	0,010290087	0,022587053
Plantago_Juhis_490-551.542.fid	L7	L	1	542	0,035501627	0,021105191	0,020653879	0,004166189	0,023034159	0,000355863	0,011284324	0,004015473	0,002933358	0,004848713	0,000628189	0,001491922	0,002043188	1,63583E-05	0,017186328	0,00143708	0,066213126	0,015890149	0,008284007
Plantago_Juhis_490-551.545.fid	L7	L	4	543	0,019565603	0,010661021	0,019875474	0,007464895	0,023604034	0,001737546	0,005393709	0,001390778	0,005028799	0,005769166	8,21418E-05	0,001328061	0,000512895	2,49018E-05	0,019673342	0,000315338	0,103857559	0,07058087	0,063461552
Plantago_Juhis_490-551.543.fid	L7	L	4	543	0,047733813	0,028222607	0,032660556	0,011145545	0,029492045	0,002207623	0,012283688	0,003811248	0,00768961	0,009567792	0,000554912	0,005739146	0,001313026	8,82305E-05	0,021848783	0,004683861	0,048756848	0,019528016	0,021937535
Plantago_Juhis_490-551.544.fid	L7	L	6	544	0,012721466	0,01189727	0,022883208	0,005738281	0,035515476	0,005156966	0,011031777	0,002961609	0,008875445	0,01296876	0,000140028	3,87381E-06	0,003034344	0,000115884	0,019124184	0,003840474	0,067358648	0,035859952	0,026181991
Plantago_Juhis_490-551.546.fid	L7	L	12	546	0,020511227	0,011609208	0,020259479	0,009519074	0,032313994	0,0020908	0,00643433	0,000924512	0,005358292	0,006662615	0,000322828	0,003362725	0,0039095	0,000175891	0,020040222	-0,003292855	0,058328715	0,02850909	0,032289771
Plantago_Juhis_490-551.547.fid	L7	L	15	547	0,014387576	0,008608775	0,019090796	0,009174536	0,028317963	0,001613956	0,006602623	0,004448352	0,01564243	0,016351803	-4,66376E-05	0,007357508	0,001946618	7,20341E-05	0,027065247	0,002034655	0,073425396	0,026014706	0,047540645
Plantago_Juhis_490-551.548.fid	L7	L	18	548	0,036799729	0,022429397	0,02519283	0,014884872	0,030394783	0,002100295	0,007436072	0,001507267	0,011221552	0,013722865	0,000591386	0,004679937	0,003551921	0,000212487	0,021425552	0,001763322	0,043395859	0,006749575	0,030184686
Plantago_Juhis_490-551.549.fid	L7	L	21	549	0,019185565	0,010387376	0,026676214	0,008379205	0,027171182	0,001819646	0,005661251	0,006107531	0,010827824	0,012528054	0,00014588	0,004148573	0,003667131	6,5546E-06	0,023755469	0,001881068	0,06952891	0,024501304	0,054244503
Plantago_Juhis_490-551.550.fid	L7	L	24	550	0,06193902	0,036650808	0,022996449	0,005173087	0,016420025	0,000559058	0,004674108	0,00133393	0,002654332	0,004578555	0,00075253	0,005125466	0,002906378	0,00017204	0,020693591	0,001185492	0,053401385	0,012168427	0,02180956
Plantago_Juhis_490-551.551.fid	L7	L	27	551	0,020652477	0,010888934	0,0214724	0,003772583	0,02005552	0,002338989	0,004202094	0,001495136	0,008342135	0,008789088	4,07411E-05	0,003089541	0,004009963	0,000103057	0,020848105	-0,00157155	0,057345357	0,009613626	0,063959774
